40795.250000 0
40795.468000 0
40795.687000 0
40795.906000 0
40796.125000 0
40796.343000 0
40796.562000 0
40796.781000 0
40797.000000 0
40797.218000 0
40797.437000 0
40797.656000 0
40797.875000 0
40798.093000 0
40798.312000 0
40798.531000 0
40798.750000 0
40798.968000 0
40799.187000 0
40799.406000 0
40799.625000 0
40799.843000 0
40800.062000 0
40800.281000 0
40800.500000 0
40800.718000 0
40800.937000 0
40801.156000 0
40801.375000 0
40801.593000 0
40801.812000 0
40802.031000 0
40802.250000 0
40802.468000 0
40802.687000 0
40802.906000 0
40803.125000 0
40803.343000 0
40803.562000 0
40803.781000 0
40804.000000 0
40804.218000 0
40804.437000 0
40804.656000 0
40804.875000 0
40805.093000 0
40805.312000 0
40805.531000 0
40805.750000 0
40805.968000 0
40806.187000 0
40806.406000 0
40806.625000 0
40806.843000 0
40807.062000 0
40807.281000 0
40807.500000 0
40807.718000 0
40807.937000 0
40808.156000 0
40808.375000 0
40808.593000 0
40808.812000 0
40809.031000 0
40809.250000 0
40809.468000 0
40809.687000 0
40809.906000 0
40810.125000 0
40810.343000 0
40810.562000 0
40810.781000 0
40811.000000 0
40811.218000 0
40811.437000 0
40811.656000 0
40811.875000 0
40812.093000 0
40812.312000 0
40812.531000 0
40812.750000 0
40812.968000 0
40813.187000 0
40813.406000 0
40813.625000 0
40813.843000 0
40814.062000 0
40814.281000 0
40814.500000 0
40814.718000 0
40814.937000 0
40815.156000 0
40815.375000 0
40815.593000 0
40815.812000 0
40816.031000 0
40816.250000 0
40816.468000 0
40816.687000 0
40816.906000 0
40817.125000 0
40817.343000 0
40817.562000 0
40817.781000 0
40818.000000 0
40818.218000 0
40818.437000 0
40818.656000 0
40818.875000 0
40819.093000 0
40819.312000 0
40819.531000 0
40819.750000 0
40819.968000 0
40820.187000 0
40820.406000 0
40820.625000 0
40820.843000 0
40821.062000 0
40821.281000 0
40821.500000 0
40821.718000 0
40821.953000 0
40822.187000 0
40822.406000 0
40822.625000 0
40822.843000 0
40823.062000 0
40823.328000 0
40823.531000 0
40823.750000 0
40823.968000 0
40824.187000 0
40824.453000 0
40824.656000 0
40824.875000 0
40825.093000 0
40825.312000 0
40825.562000 0
40825.781000 0
40826.000000 0
40826.218000 0
40826.437000 0
40826.656000 0
40826.890000 0
40827.109000 0
40827.328000 0
40827.546000 0
40827.765000 0
40827.984000 0
40828.203000 0
40828.421000 0
40828.640000 0
40828.859000 0
40829.078000 0
40829.296000 0
40829.515000 0
40829.734000 0
40829.953000 0
40830.171000 0
40830.390000 0
40830.609000 0
40830.828000 0
40831.046000 0
40831.265000 0
40831.484000 0
40831.703000 0
40831.921000 0
4040869.515000 3
40870.031000 3
40870.406000 3
40870.656000 3
40870.906000 3
40871.156000 3
40871.406000 3
40871.656000 3
40871.906000 3
40872.156000 3
40872.421000 3
40872.671000 3
40872.937000 3
40873.187000 3
40873.437000 3
40873.687000 3
40873.937000 3
40874.187000 3
40874.437000 3
40874.687000 3
40874.937000 3
40875.187000 3
40875.437000 3
40875.687000 3
40875.937000 3
40876.203000 3
40876.453000 3
40876.718000 3
40876.984000 3
40877.234000 3
40877.484000 3
40877.734000 3
40878.000000 3
40878.250000 3
40878.515000 3
40878.765000 3
40879.015000 3
40879.265000 3
40879.515000 3
40879.781000 3
40880.031000 3
40880.296000 3
40880.562000 3
40880.812000 3
40881.078000 3
40881.328000 3
40881.578000 3
40881.828000 3
40882.093000 3
40882.359000 3
40882.609000 3
40882.859000 3
40883.125000 3
40883.390000 3
40883.640000 3
40883.890000 3
40884.156000 3
40884.406000 3
40884.656000 3
40884.921000 3
40885.171000 3
40885.437000 3
40885.687000 3
40885.937000 3
40886.187000 3
40886.437000 3
40886.687000 3
40886.937000 3
40887.187000 3
40887.437000 3
40887.703000 3
40887.968000 3
40888.218000 3
40888.515000 3
40888.765000 3
40889.031000 3
40889.296000 3
40889.578000 3
40889.859000 3
40890.109000 3
40890.375000 3
40890.640000 3
40890.937000 3
40891.187000 3
40891.453000 3
40891.703000 3
40891.984000 3
40892.250000 3
40892.500000 3
40892.750000 3
40893.015000 3
40893.312000 3
40893.562000 3
40893.812000 3
40894.062000 3
40894.312000 3
40894.562000 3
40894.812000 3
40895.078000 3
40895.343000 3
40895.609000 3
40895.875000 3
40896.125000 3
40896.375000 3
40896.640000 3
40896.890000 3
40897.140000 3
40897.390000 3
40897.656000 3
40897.921000 3
40898.187000 3
40898.453000 3
40898.703000 3
40898.968000 3
40899.234000 3
40899.500000 3
40899.765000 3
40900.046000 3
40900.296000 3
40900.562000 3
40900.828000 3
40901.078000 3
40901.328000 3
40901.578000 3
40901.828000 3
40902.093000 3
40902.359000 3
40902.609000 3
40902.859000 3
40903.109000 3
40903.359000 3
40903.609000 3
40903.859000 3
40904.109000 3
40904.359000 3
40904.609000 3
40904.859000 3
40905.109000 3
40905.375000 3
40905.640000 3
40905.890000 3
40906.156000 3
40906.421000 3
40906.687000 3
40906.953000 3
40907.218000 3
40907.484000 3
40907.734000 3
40907.984000 3
40908.250000 3
40908.515000 3
40908.765000 3
40909.015000 3
40909.265000 3
40909.531000 3
40909.781000 3
40910.046000 3
40910.312000 3
40910.578000 3
40910.828000 3
40911.093000 3
40911.359000 3
40911.609000 3
40911.875000 3
40912.125000 3
40912.375000 3
40912.640000 3
40912.906000 3
40913.156000 3
40913.406000 3
40913.656000 3
40913.906000 3
40914.171000 3
40914.437000 3
40914.703000 3
40914.968000 3
40915.250000 3
40915.500000 3
40915.765000 3
40916.031000 3
40916.296000 3
40916.546000 3
40916.812000 3
40917.078000 3
40917.328000 3
40917.593000 3
40917.843000 3
40918.109000 3
40918.359000 3
40918.609000 3
40918.859000 3
40919.109000 3
40919.359000 3
40919.625000 3
40919.875000 3
40920.125000 3
40920.375000 3
40920.640000 3
40920.890000 3
40921.140000 3
40921.390000 3
40921.640000 3
40921.906000 3
40922.171000 3
40922.437000 3
40922.703000 3
40922.953000 3
40923.218000 3
40923.468000 3
40923.718000 3
40923.984000 3
40924.234000 3
40924.484000 3
40924.734000 3
40925.000000 3
40925.265000 3
40925.515000 3
40925.781000 3
40926.031000 3
40926.281000 3
40926.546000 3
40926.796000 3
40927.046000 3
40927.296000 3
40927.546000 3
40927.796000 3
40928.062000 3
40928.328000 3
40928.578000 3
40928.828000 3
40929.093000 3
40929.343000 3
40929.609000 3
40929.875000 3
40930.156000 3
40930.406000 3
40930.671000 3
40930.937000 3
40931.187000 3
40931.453000 3
40931.703000 3
40931.953000 3
40932.203000 3
40932.468000 3
40932.734000 3
40932.984000 3
40933.234000 3
40933.484000 3
40933.734000 3
40933.984000 3
40934.250000 3
40934.515000 3
40934.765000 3
40935.015000 3
40935.265000 3
40935.515000 3
40935.765000 3
40936.015000 3
40936.265000 3
40936.531000 3
40936.796000 3
40937.062000 3
40937.312000 3
40937.562000 3
40937.828000 3
40938.093000 3
40938.343000 3
40938.593000 3
40938.843000 3
40939.109000 3
40939.359000 3
40939.625000 3
40939.875000 3
452038.843000 2
52039.093000 2
52039.328000 2
52039.578000 2
52039.843000 2
52040.078000 2
52040.343000 2
52040.593000 2
52040.828000 2
52041.062000 2
52041.296000 2
52041.562000 2
52041.796000 2
52042.031000 2
52042.265000 2
52042.500000 2
52042.750000 2
52043.000000 2
52043.250000 2
52043.484000 2
52043.750000 2
52043.984000 2
52044.640000 2
52044.906000 2
52045.140000 2
52045.375000 2
52045.625000 2
52045.875000 2
52046.109000 2
52046.375000 2
52046.625000 2
52046.875000 2
52047.156000 2
52047.390000 2
52047.640000 2
52047.875000 2
52048.156000 2
52048.406000 2
52048.671000 2
52048.906000 2
52049.140000 2
52049.421000 2
52049.656000 2
52049.890000 2
52050.140000 2
52050.406000 2
52050.671000 2
52050.937000 2
52051.187000 2
52051.437000 2
52051.718000 2
52051.984000 2
52052.234000 2
52052.484000 2
52052.734000 2
52052.984000 2
52053.234000 2
52053.484000 2
52053.718000 2
52053.984000 2
52054.218000 2
52054.484000 2
52054.734000 2
52054.984000 2
52055.218000 2
52055.468000 2
52055.703000 2
52055.953000 2
52056.203000 2
52056.453000 2
52056.687000 2
52056.937000 2
52057.171000 2
52057.421000 2
52057.671000 2
52057.921000 2
52058.156000 2
52058.421000 2
52058.671000 2
52058.921000 2
52059.171000 2
52059.421000 2
52059.671000 2
52059.906000 2
52060.156000 2
52060.421000 2
52060.656000 2
52060.921000 2
52061.171000 2
52061.421000 2
52061.734000 2
52061.984000 2
52062.234000 2
52062.484000 2
52062.734000 2
52062.984000 2
52063.218000 2
52063.453000 2
52063.718000 2
52063.968000 2
52064.218000 2
52064.468000 2
52064.796000 2
52065.046000 2
52065.281000 2
52065.515000 2
52065.781000 2
52066.031000 2
52066.281000 2
52066.515000 2
52066.765000 2
52067.015000 2
52067.250000 2
52067.515000 2
52067.750000 2
52067.984000 2
52068.234000 2
52068.500000 2
52068.750000 2
52068.984000 2
52069.234000 2
52069.500000 2
52069.750000 2
52069.984000 2
52070.250000 2
52070.500000 2
52070.750000 2
52071.000000 2
52071.234000 2
52071.484000 2
52071.734000 2
52071.984000 2
52072.250000 2
52072.484000 2
52072.750000 2
52073.000000 2
52073.250000 2
52073.500000 2
52073.750000 2
52073.984000 2
52074.234000 2
52074.484000 2
52074.718000 2
52074.968000 2
52075.218000 2
52075.453000 2
52075.687000 2
52075.921000 2
52076.156000 2
52076.421000 2
52076.671000 2
52076.906000 2
52077.156000 2
52077.390000 2
52077.640000 2
52077.875000 2
52078.109000 2
52078.359000 2
52078.625000 2
52078.875000 2
52079.125000 2
52079.359000 2
52079.609000 2
52079.859000 2
52080.093000 2
52080.343000 2
52080.609000 2
52080.859000 2
52081.109000 2
52081.359000 2
52081.609000 2
52081.843000 2
52082.093000 2
52082.328000 2
52082.578000 2
52082.828000 2
52083.062000 2
52083.328000 2
52083.562000 2
52083.812000 2
52084.046000 2
52084.312000 2
52084.546000 2
52084.796000 2
52085.046000 2
52085.312000 2
52085.546000 2
52085.796000 2
52086.046000 2
52086.296000 2
52086.546000 2
52086.812000 2
52087.046000 2
52087.281000 2
52087.515000 2
52087.781000 2
52088.015000 2
52088.281000 2
52088.531000 2
52088.781000 2
52089.015000 2
52089.265000 2
52089.531000 2
52089.765000 2
52090.000000 2
52090.265000 2
52090.515000 2
52090.765000 2
52091.015000 2
52091.265000 2
52091.515000 2
52091.765000 2
52092.015000 2
52092.265000 2
52092.515000 2
52092.765000 2
52093.015000 2
52093.250000 2
52093.515000 2
52093.765000 2
52094.000000 2
52094.250000 2
52094.500000 2
52094.750000 2
52095.000000 2
52095.234000 2
52095.484000 2
52095.734000 2
52095.984000 2
52096.234000 2
52096.468000 2
52096.734000 2
52096.984000 2
52097.234000 2
52097.484000 2
52097.734000 2
52097.984000 2
52098.234000 2
52098.468000 2
52098.703000 2
52098.937000 2
52099.187000 2
52099.437000 2
52099.671000 2
52099.921000 2
52100.171000 2
52100.406000 2
52100.671000 2
52100.921000 2
52101.171000 2
52101.421000 2
52101.671000 2
52101.906000 2
52102.156000 2
52102.390000 2
52102.625000 2
52102.890000 2
52103.125000 2
52103.390000 2
52103.625000 2
52103.890000 2
52104.140000 2
52104.375000 2
52104.640000 2
52104.875000 2
52105.109000 2
52105.343000 2
52105.578000 2
52105.828000 2
52106.093000 2
52106.328000 2
52106.562000 2
52106.828000 2
552205.328000 2
52205.578000 2
52205.812000 2
52206.046000 2
52206.296000 2
52206.531000 2
52206.796000 2
52207.031000 2
52207.265000 2
52207.500000 2
52207.750000 2
52208.000000 2
52208.234000 2
52208.468000 2
52208.703000 2
52208.937000 2
52209.187000 2
52209.437000 2
52209.687000 2
52209.921000 2
52210.187000 2
52210.421000 2
52210.656000 2
52210.921000 2
52211.156000 2
52211.390000 2
52211.640000 2
52211.906000 2
52212.156000 2
52212.406000 2
52212.656000 2
52212.906000 2
52213.140000 2
52213.390000 2
52213.625000 2
52213.859000 2
52214.093000 2
52214.343000 2
52214.578000 2
52214.812000 2
52215.046000 2
52215.281000 2
52215.515000 2
52215.750000 2
52215.984000 2
52216.250000 2
52216.500000 2
52216.750000 2
52217.000000 2
52217.250000 2
52217.500000 2
52217.734000 2
52217.984000 2
52218.234000 2
52218.484000 2
52218.734000 2
52218.968000 2
52219.203000 2
52219.437000 2
52219.671000 2
52219.921000 2
52220.187000 2
52220.421000 2
52220.671000 2
52220.921000 2
52221.171000 2
52221.406000 2
52221.656000 2
52221.906000 2
52222.140000 2
52222.375000 2
52222.609000 2
52222.843000 2
52223.093000 2
52223.328000 2
52223.578000 2
52223.812000 2
52224.062000 2
52224.312000 2
52224.546000 2
52224.812000 2
52225.046000 2
52225.312000 2
52225.546000 2
52225.781000 2
52226.031000 2
52226.281000 2
52226.531000 2
52226.781000 2
52227.031000 2
52227.281000 2
52227.531000 2
52227.781000 2
52228.031000 2
52228.281000 2
52228.531000 2
52228.765000 2
52229.031000 2
52229.281000 2
52229.531000 2
52229.781000 2
52230.031000 2
52230.265000 2
52230.531000 2
52230.781000 2
52231.015000 2
52231.265000 2
52231.515000 2
52231.765000 2
52232.000000 2
52232.234000 2
52232.484000 2
52232.750000 2
52233.000000 2
52233.234000 2
52233.468000 2
52233.734000 2
52233.984000 2
52234.218000 2
52234.468000 2
52234.718000 2
52234.984000 2
52235.234000 2
52235.468000 2
52235.734000 2
52235.968000 2
52236.234000 2
52236.468000 2
52236.718000 2
52236.968000 2
52237.218000 2
52237.453000 2
52237.687000 2
52237.937000 2
52238.203000 2
52238.453000 2
52238.687000 2
52238.937000 2
52239.171000 2
52239.406000 2
52239.656000 2
52239.890000 2
52240.125000 2
52240.359000 2
52240.625000 2
52240.859000 2
52241.093000 2
52241.328000 2
52241.562000 2
52241.812000 2
52242.062000 2
52242.312000 2
52242.546000 2
52242.781000 2
52243.046000 2
52243.281000 2
52243.515000 2
52243.781000 2
52244.031000 2
52244.281000 2
52244.531000 2
52244.781000 2
52245.015000 2
52245.281000 2
52245.515000 2
52245.765000 2
52246.015000 2
52246.281000 2
52246.531000 2
52246.796000 2
52247.046000 2
52247.281000 2
52247.546000 2
52247.781000 2
52248.031000 2
52248.281000 2
52248.531000 2
52248.796000 2
52249.031000 2
52249.281000 2
52249.515000 2
52249.796000 2
52250.046000 2
52250.281000 2
52250.515000 2
52250.781000 2
52251.062000 2
52251.296000 2
52251.531000 2
52251.781000 2
52252.031000 2
52252.296000 2
52252.531000 2
52252.765000 2
52253.015000 2
52253.250000 2
52253.484000 2
52253.750000 2
52253.984000 2
52254.218000 2
52254.468000 2
52254.734000 2
52254.968000 2
52255.218000 2
52255.453000 2
52255.718000 2
52255.968000 2
52256.218000 2
52256.468000 2
52256.718000 2
52256.968000 2
52257.218000 2
52257.468000 2
52257.703000 2
52257.953000 2
52258.203000 2
52258.453000 2
52258.687000 2
52258.921000 2
52259.171000 2
52259.421000 2
52259.656000 2
52259.906000 2
52260.140000 2
52260.406000 2
52260.640000 2
52260.906000 2
52261.140000 2
52261.390000 2
52261.625000 2
52261.875000 2
52262.109000 2
52262.375000 2
52262.609000 2
52262.875000 2
52263.109000 2
52263.375000 2
52263.609000 2
52263.859000 2
52264.093000 2
52264.328000 2
52264.562000 2
52264.812000 2
52265.046000 2
52265.296000 2
52265.531000 2
52265.796000 2
52266.031000 2
52266.281000 2
52266.531000 2
52266.796000 2
52267.046000 2
52267.281000 2
52267.531000 2
52267.765000 2
52268.015000 2
52268.281000 2
52268.531000 2
52268.765000 2
52269.015000 2
52269.281000 2
52269.531000 2
52269.828000 2
52270.078000 2
52270.312000 2
52270.546000 2
52270.781000 2
52271.031000 2
52271.281000 2
52271.546000 2
52271.796000 2
52272.046000 2
52272.296000 2
552358.796000 1
52359.140000 1
52359.375000 1
52359.609000 1
52359.843000 1
52360.078000 1
52360.312000 1
52360.546000 1
52360.781000 1
52361.046000 1
52361.281000 1
52361.515000 1
52361.750000 1
52362.000000 1
52362.250000 1
52362.484000 1
52362.718000 1
52362.953000 1
52363.187000 1
52363.421000 1
52363.656000 1
52363.906000 1
52364.140000 1
52364.390000 1
52364.625000 1
52364.875000 1
52365.109000 1
52365.343000 1
52365.578000 1
52365.812000 1
52366.062000 1
52366.296000 1
52366.531000 1
52366.765000 1
52367.000000 1
52367.234000 1
52367.468000 1
52367.703000 1
52367.953000 1
52368.187000 1
52368.421000 1
52368.656000 1
52368.890000 1
52369.125000 1
52369.359000 1
52369.625000 1
52369.859000 1
52370.093000 1
52370.343000 1
52370.593000 1
52370.828000 1
52371.078000 1
52371.328000 1
52371.578000 1
52371.828000 1
52372.078000 1
52372.328000 1
52372.562000 1
52372.796000 1
52373.031000 1
52373.265000 1
52373.500000 1
52373.734000 1
52373.968000 1
52374.234000 1
52374.468000 1
52374.703000 1
52374.937000 1
52375.171000 1
52375.406000 1
52375.640000 1
52375.890000 1
52376.125000 1
52376.359000 1
52376.593000 1
52376.828000 1
52377.093000 1
52377.343000 1
52377.578000 1
52377.812000 1
52378.046000 1
52378.296000 1
52378.546000 1
52378.781000 1
52379.031000 1
52379.281000 1
52379.515000 1
52379.765000 1
52380.000000 1
52380.281000 1
52380.515000 1
52380.750000 1
52381.000000 1
52381.250000 1
52381.531000 1
52381.765000 1
52382.031000 1
52382.265000 1
52382.500000 1
52382.765000 1
52383.015000 1
52383.265000 1
52383.500000 1
52383.750000 1
52384.015000 1
52384.250000 1
52384.484000 1
52384.734000 1
52384.968000 1
52385.218000 1
52385.453000 1
52385.687000 1
52385.953000 1
52386.187000 1
52386.421000 1
52386.656000 1
52386.921000 1
52387.156000 1
52387.406000 1
52387.656000 1
52387.906000 1
52388.156000 1
52388.390000 1
52388.640000 1
52388.890000 1
52389.125000 1
52389.359000 1
52389.593000 1
52389.828000 1
52390.078000 1